120624
120625
120626
120627
120628
120629
120630
120631
120632
120633
120634
120635
120636
120641
120642
120643
120644
120645
120646
120647
120648
120649
120651
120652
120653
120654
120655
120656
120657
120658
120660
120662
120663
120664
120665
120666
120667
120668
120670
120671
120672
120673
120674
120675
120676
120677
120678
120679
120680
120681
120682
120683
120684
120685
120689
120690
120691
120692
120693
120694
120695
120696
120697
120700
120701
120702
120703
120704
120705
120706
120707
120708
120709
120710
120711
120712
120713
120714
120715
120716
120717
120718
120719
120720
120721
120722
120723
120724
120725
120726
120727
120728
120730
120731
120732
120733
120734
120735
120736
120738
120740
120741
120742
120743
120744
120745
120746
120747
120748
120749
120750
120751
120752
120753
120754
120756
120757
120758
120759
120760
120761
120762
120763
120764
120765
120766
120767
120768
120769
120770
120771
120772
120773
120774
120775
120776
120777
120778
120779
120780
120781
120782
120786
120787
120788
120789
120790
120791
120792
120793
120794
120795
120796
120797
120798
120799
120800
120801
120802
120803
120804
120805
120806
120807
120808
120809
120810
120811
120812
120813
120814
120815
120816
120817
120818
120819
120820
120821
120822
120823
120824
120825
120826
120827
120828
120829
120830
120831
120832
120833
120834
120835
120836
120837
120838
120839
120840
120841
120842
120843
120844
120845
120846
120847
120848
120849
120850
120851
120852
120853
120854
120855
120856
120857
120858
120859
120860
120861
120862
120863
120864
120865
120866
120867
120868
120869
120870
120871
120872
120873
120874
120875
120876
120877
120878
120879
120880
120881
120882
120883
120884
120885
120886
120887
120888
120889
120890
120891
120892
120893
120894
120895
120896
120897
120898
120899
120900
120901
120904
120905
120906
120907
120908
120909
120910
120911
120912
120913
120914
120915
120916
120917
120918
120919
120920
120921
120922
120923
120924
120925
120926
120927
120928
120929
120930
120931
120932
120933
120934
120935
120936
120937
120938
120939
120940
120941
120942
120943
120944
120945
120946
120947
120948
120949
120950
120951
120952
120953
120954
120955
120956
120957
120958
120959
120960
120961
120962
120963
120964
120965
120966
120970
120971
120972
120973
120974
120975
120976
120977
120979
120980
120981
120982
120983
120984
120985
120986
120987
120988
120989
120990
120991
120992
120993
120994
120995
120996
120997
120998
120999
121000
121001
121002
121004
121005
121006
121007
121008
121009
121010
121014
121015
121016
121020
121021
121022
121023
121024
121025
121026
121028
121029
121030
121031
121032
121033
121035
121036
121037
121038
121039
121043
121044
121045
121046
121047
121048
121049
121050
121051
121052
121053
121054
121055
121056
121057
121058
121059
121060
121061
121062
121063
121064
121065
121066
121067
121068
121069
121070
121071
121072
121073
121074
121075
121076
121077
121078
121079
121080
121081
121082
121083
121084
121085
121086
121087
121088
121089
121090
121093
121094
121095
121096
121097
121099
121100
121101
121102
121103
121104
121105
121106
121107
121108
121109
121110
121111
121112
121113
121114
121115
121116
121117
121118
121119
121120
121121
121122
121127
121129
121130
121131
121132
121133
121134
121135
121136
121137
121142
121143
121144
121145
121146
121148
121149
121150
121151
121153
121154
121155
121156
121157
121158
121160
121161
121162
121163
121164
121165
121166
121167
121168
121169
121170
121171
121172
121173
121174
121175
121176
121177
121178
121179
121180
121181
121182
121183
121184
121185
121186
121187
121188
121189
121190
121191
121192
121193
121194
121195
121196
121197
121199
121200
121201
121202
121205
121207
121208
121209
121210
121211
121212
121213
121214
121215
121216
121217
121218
121220
121223
121224
121225
121226
121228
121229
121230
121231
121233
121234
121235
121236
121237
121238
121239
121240
121241
121242
121243
121244
121245
121246
121247
121248
121249
121250
121251
121252
121256
121257
121258
121261
121262
121263
121264
121265
121266
121267
121268
121269
121270
121271
121272
121273
121274
121275
121276
121277
121281
121282
121283
121284
121285
121286
121287
121288
121289
121290
121291
121293
121294
121295
121296
121297
121298
121299
121300
121301
121302
121303
121304
121306
121309
121310
121311
121312
121314
121315
121316
121318
121319
121321
121322
121324
121325
121326
121327
121328
121329
121330
121331
121332
121333
121334
121335
121336
121337
121338
121339
121340
121341
121343
121344
121345
121346
121347
121348
121349
121350
121351
121352
121353
121354
121355
121356
121357
121358
121362
121363
121366
121367
121368
121369
121370
121371
121372
121373
121376
121378
121380
121382
121386
121387
121388
121390
121391
121393
121394
121395
121396
121397
121398
121399
121400
121401
121403
121404
121405
121406
121408
121409
121410
121411
121412
121413
121414
121415
121416
121417
121418
121419
121420
121421
121422
121423
121424
121425
121427
121431
121432
121433
121434
121435
121436
121437
121438
121439
121440
121441
121442
121443
121444
121445
121446
121447
121448
121449
121450
121451
121452
121453
121454
121455
121456
121457
121458
121459
121460
121461
121462
121463
121464
121465
121466
121467
121468
121469
121470
121471
121472
121473
121474
121475
121476
121478
121479
121480
121482
121483
121484
121485
121486
121487
121490
121491
121492
121493
121494
121495
121496
121497
121498
121499
121500
121501
121502
121503
121504
121505
121506
121507
121508
121509
121510
121511
121512
121513
121514
121515
121516
121517
121521
121524
121525
121530
121531
121532
121533
121534
121536
121537
121538
121539
121541
121542
121543
121544
121545
121546
121547
121548
121549
121550
121551
121552
121553
121554
121555
121556
121557
121558
121559
121560
121561
121562
121563
121564
121565
121566
121567
121568
121569
121570
121571
121572
121573
121574
121575
121576
121577
121578
121579
121581
121582
121583
121584
121585
121586
121587
121588
121589
121590
121591
121592
121593
121594
121595
121596
121597
121598
121599
121600
121601
121602
121603
121604
121605
121606
121607
121608
121609
121610
121611
121612
121613
121614
121615
121616
121617
121618
121619
121620
121621
121622
121623
121624
121625
121626
121627
121628
121629
121630
121631
121632
121633
121634
121639
121640
121641
121642
121643
121645
121646
121647
121657
121658
121659
121660
121661
121662
121663
121664
121665
121666
121667
121668
121669
121670
121671
121672
121673
121674
121675
121676
121677
121678
121679
121680
121681
121682
121683
121684
121685
121687
121688
121689
121690
121691
121693
121694
121695
121697
121698
121699
121700
121701
121702
121703
121704
121705
121707
121708
121711
121712
121713
121714
121715
121716
121717
121718
121719
121720
121721
121722
121723
121724
121725
121726
121727
121728
121729
121730
121731
121732
121733
121734
121735
121736
121737
121738
121740
121741
121742
121743
121745
121746
121747
121748
121751
121752
121753
121754
121755
121756
121757
121758
121759
121760
121761
121762
121763
121764
121766
121767
121768
121769
121773
121774
121775
121776
121782
121783
121784
121786
121787
121788
121789
121790
121791
121792
121793
121794
121795
121796
121797
121798
121799
121800
121801
121802
121805
121806
121807
121808
121809
121810
121811
121812
121813
121814
121815
121816
121817
121818
121819
121820
121821
121822
121823
121824
121825
121826
121827
121828
121829
121830
121831
121832
121833
121834
121835
121837
121838
121839
121842
121843
121844
121845
121846
121847
121848
121849
121850
121851
121852
121853
121854
121857
121858
121859
121860
121863
121864
121865
121866
121867
121868
121869
121870
121871
121872
121873
121874
121877
121878
121879
121880
121881
121883
121884
121885
121886
121887
121888
121889
121890
121891
121892
121893
121894
121895
121896
121897
121899
121900
121901
121902
121903
121904
121905
121906
121907
121908
121909
121910
121911
121912
121913
121914
121918
121919
121920
121922
121923
121926
121927
121928
121931
121932
121933
121934
121935
121936
121937
121938
121939
121943
121944
121945
121949
121950
121951
121952
121953
121954
121955
121956
121957
121958
121959
121960
121962
121963
121964
121965
121966
121967
121968
121969
121970
121971
121972
121973
121974
121975
121976
121977
121978
121979
121980
121981
121982
121983
121984
121985
121986
121987
121988
121989
121990
121991
121992
121993
121994
121995
121996
121997
121998
121999
122000
122001
122002
122003
122004
122005
122007
122010
122011
122012
122013
122014
122015
122016
122017
122018
122019
122020
122021
122022
122027
122040
122044
122045
122046
122047
122048
122049
122050
122051
122052
122054
122055
122056
122057
122058
122059
122060
122061
122062
122063
122064
122066
122067
122069
122071
122072
122073
122075
122076
122077
122078
122081
122082
122083
122084
122085
122086
122087
122088
122089
122090
122091
122092
122093
122094
122095
122096
122097
122098
122099
122100
122101
122102
122103
122104
122105
122106
122107
122108
122109
122110
122111
122112
122113
122114
122115
122116
122117
122121
122122
122123
122124
122125
122126
122127
122128
122129
122130
122131
122132
122133
122134
122135
122136
122137
122138
122139
122140
122141
122142
122145
122146
122147
122159
122161
122162
122163
122164
122165
122166
122170
122171
122172
122173
122174
122175
122177
122179
122180
122181
122183
122188
122189
122190
122194
122195
122196
122202
122203
122204
122205
122206
122207
122208
122209
122210
122211
122215
122216
122217
122218
122219
122220
122224
122225
122226
122227
122228
122229
122230
122231
122232
122233
122234
122235
122236
122237
122238
122239
122243
122244
122245
122246
122247
122248
122252
122253
122254
122255
122256
122257
122259
122260
122261
122262
122263
122264
122265
122269
122270
122271
122272
122273
122277
122278
122279
122280
122281
122282
122283
122284
122286
122287
122288
122289
122290
122291
122292
122293
122294
122295
122296
122297
122298
122299
122300
122301
122302
122303
122304
122305
122306
122307
122308
122309
122310
122311
122312
122313
122315
122316
122317
122318
122319
122320
122321
122322
122323
122324
122325
122326
122327
122329
122330
122331
122332
122333
122334
122335
122336
122337
122338
122339
122340
122341
122342
122343
122344
122348
122349
122350
122351
122352
122353
122354
122355
122356
122357
122358
122359
122360
122361
122362
122363
122364
122365
122366
122367
122368
122369
122370
122371
122372
122374
122376
122378
122379
122380
122381
122382
122383
122384
122385
122386
122387
122388
122389
122390
122391
122392
122393
122394
122395
122396
122397
122400
122401
122402
122403
122404
122405
122406
122407
122408
122409
122410
122411
122412
122413
122414
122415
122416
122417
122418
122419
122420
122421
122422
122423
122424
122425
122426
122427
122428
122429
122430
122431
122432
122435
122439
122440
122441
122442
122443
122444
122445
122446
122447
122448
122449
122450
122451
122452
122453
122454
122455
122456
122458
122459
122460
122461
122462
122463
122465
122466
122467
122468
122469
122470
122471
122472
122473
122474
122475
122476
122477
122478
122479
122480
122481
122483
122484
122485
122487
122488
122489
122490
122491
122492
122494
122495
122496
122497
122498
122499
122501
122507
122508
122511
122512
122513
122514
122515
122516
122517
122518
122519
122520
122521
122522
122523
122524
122525
122527
122528
122529
122530
122531
122532
122533
122534
122535
122536
122537
122538
122539
122540
122542
122543
122544
122545
122546
122547
122549
122550
122551
122552
122553
122554
122555
122556
122557
122558
122559
122560
122561
122562
122563
122564
122565
122566
122567
122568
122569
122570
122571
122572
122577
122578
122579
122580
122581
122582
122583
122584
122585
122586
122587
122588
122589
122590
122591
122592
122595
122596
122597
122598
122599
122600
122601
122602
122603
122605
122606
122607
122609
122610
122611
122612
122613
122614
122615
122616
122617
122619
122621
122622
122623
122624
122625
122626
122627
122628
122629
122630
122631
122632
122633
122634
122635
122636
122637
122638
122639
122640
122641
122642
122643
122644
122645
122646
122647
122648
122649
122650
122651
122652
122653
122654
122655
122656
122657
122658
122659
122660
122661
122662
122663
122664
122665
122666
122667
122668
122669
122670
122671
122672
122673
122674
122675
122676
122677
122678
122679
122680
122681
122682
122683
122684
122685
122686
122687
122688
122689
122690
122691
122692
122693
122694
122695
122696
122697
122698
122699
122700
122703
122704
122705
122706
122707
122708
122709
122711
122713
122714
122716
122717
122718
122719
122720
122721
122722
122723
122724
122725
122726
122727
122728
122729
122730
122731
122732
122733
122734
122735
122736
122737
122738
122739
122740
122741
122742
122743
122744
122746
122747
122748
122749
122751
122752
122753
122754
122756
122758
122759
122760
122761
122762
122763
122764
122765
122766
122767
122768
122769
122770
122771
122772
122773
122774
122775
122776
122777
122778
122786
122788
122789
122790
122791
122792
122793
122794
122796
122797
122798
122799
122800
122801
122802
122803
122804
122805
122807
122808
122809
122810
122811
122812
122813
122814
122815
122816
122817
122818
122819
122820
122821
122822
122823
122824
122825
122826
122827
122828
122829
122830
122831
122832
122833
122835
122836
122837
122838
122839
122840
122841
122842
122843
122844
122845
122846
122847
122849
122851
122852
122853
122854
122855
122856
122857
122859
122860
122861
122862
122863
122864
122865
122866
122867
122868
122869
122870
122871
122872
122873
122874
122875
122876
122877
122878
122879
122880
122881
122882
122883
122884
122885
122886
122887
122888
122889
122890
122891
122892
122893
122894
122895
122896
122897
122898
122899
122900
122901
122902
122903
122904
122905
122906
122907
122908
122909
122910
122911
122912
122913
122914
122915
122916
122917
122918
122919
122920
122921
122922
122923
122924
122925
122926
122927
122928
122929
122930
122931
122932
122933
122934
122935
122936
122937
122938
122939
122941
122942
122943
122945
122946
122947
122948
122949
122950
122951
122952
122953
122954
122955
122956
122957
122958
122959
122960
122961
122962
122963
122964
122965
122966
122967
122968
122969
122970
122971
122972
122973
122974
122975
122976
122977
122978
122979
122980
122981
122982
122983
122984
122985
122986
122987
122988
122989
122990
122991
122992
122993
122994
122995
122996
122997
122998
122999
123000
123001
123002
123003
123004
123007
123008
123009
123010
123011
123012
123013
123014
123015
123016
123017
123018
123019
123020
123021
123022
123023
123025
123026
123027
123028
123029
123030
123031
123032
123033
123034
123035
123036
123037
123038
123040
123041
123042
123043
123044
123045
123046
123047
123048
123049
123050
123051
123052
123053
123054
123055
123056
123060
123061
123062
123063
123064
123065
123066
123067
123068
123069
123070
123071
123072
123073
123074
123075
123076
123077
123078
123079
123080
123081
123082
123083
123084
123085
123086
123087
123088
123089
123090
123091
123092
123093
123094
123095
123096
123097
123098
123099
123100
123101
123102
123103
123104
123106
123110
123111
123112
123113
123114
123115
123116
123117
123118
123119
123120
123121
123122
123123
123124
123125
123126
123127
123128
123129
123131
123132
123133
123137
123138
123139
123140
123141
123142
123143
123144
123145
123147
123149
123150
123152
123153
123154
123156
123157
123158
123159
123162
123163
123164
123165
123166
123167
123168
123169
123170
123171
123173
123174
123176
123177
123178
123179
123180
123181
123182
123184
123185
123188
123190
123191
123194
123195
123196
123197
123198
123199
123200
123201
123202
123203
123204
123205
123206
123207
123208
123209
123210
123211
123213
123214
123215
123216
123218
123219
123221
123222
123223
123224
123225
123226
123227
123228
123229
123233
123234
123235
123236
123237
123238
123239
123240
123241
123242
123243
123244
123245
123246
123247
123248
123251
123252
123254
123255
123256
123257
123258
123260
123261
123262
123263
123264
123265
123266
123267
123268
123269
123270
123271
123272
123273
123274
123276
123277
123278
123279
123280
123281
123282
123283
123284
123285
123286
123287
123288
123289
123290
123291
123292
123293
123294
123295
123301
123302
123303
123304
123305
123306
123307
123308
123309
123310
123311
123312
123313
123314
123315
123316
123317
123318
123319
123320
123321
123322
123323
123324
123325
123326
123327
123328
123330
123331
123332
123333
123334
123335
123336
123337
123338
123339
123340
123341
123342
123343
123344
123345
123346
123347
123348
123351
123352
123353
123354
123355
123356
123357
123358
123359
123360
123361
123362
123363
123364
123365
123369
123370
123371
123372
123373
123374
123375
123376
123377
123378
123379
123380
123381
123382
123385
123387
123388
123389
123390
123391
123392
123393
123394
123395
123396
123397
123398
123399
123400
123401
123402
123403
123404
123405
123406
123407
123408
123409
123410
123411
123413
123414
123415
123416
123417
123418
123419
123420
123421
123422
123423
123424
123425
123426
123427
123428
123429
123430
123431
123432
123433
123434
123435
123436
123437
123438
123439
123440
123441
123442
123443
123444
123445
123446
123447
123450
123452
123453
123455
123459
123460
123461
123462
123463
123464
123465
123466
123467
123468
123469
123470
123471
123472
123473
123474
123475
123476
123477
123478
123479
123480
123481
123482
123483
123484
123485
123493
123495
123496
123499
123500
123501
123502
123503
123504
123508
123509
123510
123511
123512
123513
123515
123517
123518
123519
123523
123524
123525
123526
123527
123528
123529
123530
123531
123532
123536
123538
123539
123540
123541
123542
123543
123544
123545
123546
123547
123548
123549
123551
123552
123553
123554
123555
123556
123557
123558
123559
123560
123561
123562
123563
123564
123565
123566
123567
123568
123569
123570
123571
123572
123573
123574
123577
123579
123580
123581
123584
123585
123586
123587
123588
123589
123590
123591
123592
123593
123594
123595
123596
123598
123599
123605
123606
123607
123611
123612
123613
123614
123615
123616
123617
123618
123619
123620
123621
123622
123623
123624
123625
123626
123627
123628
123629
123630
123631
123632
123633
123634
123635
123636
123637
123638
123639
123640
123641
123642
123643
123644
123645
123646
123647
123649
123650
123651
123652
123653
123654
123655
123656
123657
123659
123663
123664
123665
123666
123667
123668
123670
123671
123672
123674
123675
123676
123677
123679
123680
123681
123682
123683
123684
123685
123686
123690
123691
123692
123693
123695
123696
123698
123701
123702
123703
123704
123705
123706
123707
123708
123709
123710
123711
123712
123714
123715
123716
123717
123718
123722
123723
123724
123725
123726
123727
123730
123731
123732
123733
123734
123735
123736
123737
123738
123739
123740
123741
123742
123743
123744
123745
123746
123747
123748
123749
123750
123751
123753
123754
123755
123756
123757
123758
123759
123760
123761
123762
123763
123764
123765
123766
123767
123768
123769
123770
123775
123776
123777
123778
123779
123783
123784
123785
123786
123787
123788
123789
123790
123791
123792
123793
123794
123795
123797
123798
123799
123800
123801
123802
123804
123807
123811
123812
123813
123814
123815
123816
123817
123818
123819
123820
123821
123822
123823
123824
123825
123826
123827
123828
123829
123830
123831
123832
123833
123835
123836
123837
123838
123839
123840
123841
123842
123843
123844
123846
123847
123848
123850
123851
123852
123853
123855
123856
123857
123858
123859
123860
123861
123862
123863
123864
123865
123866
123867
123868
123869
123870
123871
123872
123873
123874
123875
123876
123877
123878
123879
123880
123881
123882
123883
123884
123885
123886
123887
123889
123890
123891
123892
123893
123894
123895
123896
123897
123898
123899
123900
123902
123903
123904
123905
123906
123908
123909
123910
123911
123912
123913
123914
123915
123916
123917
123918
123919
123920
123921
123922
123923
123924
123925
123926
123927
123928
123929
123930
123931
123932
123933
123934
123935
123936
123937
123941
123942
123943
123944
123945
123946
123947
123948
123949
123950
123951
123952
123953
123954
123955
123956
123957
123958
123959
123960
123961
123962
123963
123964
123965
123966
123967
123968
123969
123970
123971
123972
123974
123975
123976
123977
123978
123979
123980
123981
123982
123984
123985
123986
123987
123988
123989
123990
123991
123992
123993
123994
123995
123996
123997
124001
124002
124003
124004
124005
124006
124007
124008
124009
124010
124011
124015
124016
124017
124018
124019
124020
124023
124024
124025
124026
124027
124028
124029
124032
124033
124036
124037
124039
124040
124041
124042
124043
124044
124045
124046
124047
124048
124049
124050
124051
124052
124053
124054
124056
124059
124060
124061
124062
124063
124064
124065
124066
124067
124068
124069
124070
124071
124072
124073
124074
124075
124076
124077
124078
124079
124080
124081
124082
124083
124084
124085
124086
124087
124088
124089
124090
124091
124092
124094
124095
124096
124097
124098
124103
124104
124106
124107
124111
124112
124113
124114
124115
124116
124118
124119
124123
124124
124125
124126
124127
124128
124129
124130
124131
124132
124136
124137
124138
124139
124140
124141
124142
124143
124144
124145
124146
124147
124148
124149
124150
124151
124152
124153
124154
124155
124156
124157
124158
124159
124160
124161
124162
124166
124168
124169
124170
124171
124175
124176
124177
124178
124179
124180
124181
124182
124183
124187
124188
124189
124190
124191
124192
124193
124194
124195
124196
124197
124198
124199
124200
124201
124202
124203
124204
124205
124206
124207
124208
124209
124213
124214
124215
124216
124217
124218
124219
124220
124221
124222
124223
124226
124227
124228
124229
124230
124231
124232
124233
124234
124235
124236
124237
124238
124239
124240
124241
124242
124243
124244
124245
124246
124248
124249
124250
124251
124254
124256
124257
124258
124259
124260
124262
124263
124264
124266
124267
124268
124269
124271
124272
124273
124274
124275
124276
124277
124280
124281
124282
124284
124285
124287
124288
124289
124290
124291
124292
124294
124295
124296
124297
124298
124299
124300
124301
124302
124303
124304
124305
124306
124307
124308
124309
124310
124311
124312
124313
124314
124315
124316
124317
124318
124319
124320
124321
124322
124323
124324
124325
124326
124327
124328
124329
124330
124331
124332
124333
124334
124335
124336
124337
124338
124339
124340
124341
124342
124343
124344
124347
124349
124351
124352
124353
124354
124355
124356
124357
124358
124359
124360
124361
124370
124371
124372
124373
124374
124375
124376
124377
124378
124379
124380
124381
124382
124383
124384
124385
124386
124387
124388
124389
124390
124391
124392
124393
124394
124395
124396
124397
124398
124404
124405
124406
124407
124408
124409
124410
124411
124413
124414
124416
124417
124418
124419
124420
124421
124422
124423
124424
124425
124426
124427
124428
124429
124430
124432
124433
124434
124435
124436
124437
124438
124439
124440
124441
124442
124443
124444
124445
124446
124447
124448
124449
124450
124451
124452
124453
124454
124455
124457
124458
124459
124460
124461
124462
124463
124464
124465
124466
124467
124468
124469
124470
124471
124472
124473
124474
124475
124476
124477
124478
124479
124480
124481
124482
124483
124484
124485
124486
124487
124488
124490
124491
124492
124493
124494
124495
124496
124497
124498
124499
124500
124501
124502
124503
124504
124505
124507
124508
124509
124510
124511
124512
124513
124515
124516
124517
124518
124519
124520
124523
124524
124525
124526
124527
124528
124529
124531
124532
124533
124537
124538
124539
124540
124541
124542
124543
124544
124545
124546
124548
124550
124551
124552
124553
124554
124555
124556
124558
124559
124561
124562
124563
124564
124565
124566
124567
124568
124570
124571
124573
124574
124575
124576
124577
124578
124579
124580
124581
124582
124583
124584
124585
124586
124587
124588
124589
124590
124591
124592
124595
124596
124597
124598
124599
124600
124601
124602
124603
124604
124605
124606
124607
124608
124609
124610
124611
124612
124613
124614
124616
124617
124618
124619
124620
124621
124622
124623
124624
124625
124626
124627
124628
124629
124631
124632
124633
124634
124635
124636
124637
124638
124642
124643
124644
124646
124647
124648
124649
124650
124651
124652
124653
124654
124655
124656
124657
124658
124659
124660
124661
124662
124663
124664
124665
124666
124667
124668
124669
124670
124671
124672
124673
124674
124675
124676
124677
124678
124679
124680
124681
124682
124683
124684
124685
124686
124687
124688
124689
124691
124692
124693
124694
124695
124696
124697
124698
124699
124700
124701
124702
124703
124704
124705
124709
124710
124711
124712
124713
124714
124715
124719
124720
124721
124722
124723
124724
124726
124728
124730
124732
124733
124734
124735
124739
124740
124741
124742
124743
124744
124745
124746
124747
124748
124749
124750
124751
124752
124753
124754
124756
124757
124758
124759
124760
124761
124762
124763
124764
124765
124766
124767
124768
124769
124770
124771
124772
124773
124774
124775
124779
124780
124781
124786
124787
124789
124790
124791
124792
124793
124794
124795
124796
124797
124798
124799
124800
124801
124802
124803
124804
124805
124808
124809
124810
124811
124812
124813
124814
124815
124816
124817
124818
124819
124820
124821
124822
124823
124824
124825
124826
124827
124828
124829
124830
124831
124832
124833
124834
124835
124836
124837
124838
124839
124840
124841
124842
124843
124844
124847
124848
124849
124850
124851
124852
124853
124854
124855
124856
124857
124858
124859
124860
124861
124862
124863
124864
124865
124866
124867
124871
124872
124873
124874
124875
124876
124877
124878
124879
124880
124882
124883
124884
124886
124887
124888
124890
124891
124892
124893
124894
124895
124896
124897
124898
124899
124900
124901
124902
124903
124904
124905
124906
124907
124908
124909
124910
124911
124912
124913
124914
124915
124916
124917
124918
124919
124920
124921
124922
124923
124924
124925
124928
124931
124932
124933
124934
124935
124939
124940
124942
124943
124945
124946
124947
124948
124955
124956
124957
124958
124960
124961
124962
124963
124964
124965
124967
124969
124970
124971
124975
124976
124977
124978
124979
124980
124981
124982
124983
124984
124985
124986
124987
124988
124989
124991
124992
124993
124994
124995
124996
124997
124999
125000
125001
125002
125003
125004
125005
125006
125007
125008
125009
125010
125011
125012
125013
125014
125015
125016
125017
125018
125019
125020
125021
125022
125023
125027
125028
125029
125030
125031
125032
125033
125034
125036
125037
125038
125039
125040
125041
125042
125043
125044
125045
125046
125047
125048
125049
125050
125051
125053
125054
125055
125056
125057
125058
125059
125060
125061
125062
125064
125068
125069
125070
125071
125072
125073
125074
125075
125076
125077
125078
125079
125080
125081
125082
125083
125084
125086
125087
125088
125089
125090
125091
125096
125097
125101
125102
125103
125104
125105
125106
125107
125108
125109
125110
125111
125112
125113
125114
125115
125116
125117
125118
125119
125120
125121
125122
125123
125124
125125
125126
125127
125128
125129
125130
125131
125132
125133
125134
125135
125136
125138
125139
125140
125141
125142
125143
125144
125145
125146
125147
125148
125150
125151
125152
125153
125154
125156
125157
125158
125159
125161
125167
125168
125169
125171
125172
125173
125174
125175
125176
125177
125178
125179
125180
125181
125182
125183
125184
125185
125186
125187
125188
125189
125190
125191
125192
125193
125194
125195
125196
125197
125198
125199
125200
125201
125202
125203
125204
125205
125206
125207
125208
125209
125210
125211
125212
125213
125214
125215
125216
125217
125218
125219
125220
125221
125222
125223
125224
125225
125226
125227
125230
125231
125232
125233
125234
125235
125236
125237
125238
125239
125240
125241
125242
125243
125244
125245
125246
125247
125248
125249
125250
125252
125254
125255
125256
125257
125258
125259
125262
125263
125264
125265
125266
125267
125268
125269
125270
125271
125272
125274
125275
125276
125277
125278
125281
125282
125283
125284
125285
125286
125288
125289
125292
125294
125296
125299
125300
125301
125302
125303
125305
125306
125308
125309
125310
125312
125313
125314
125315
125316
125317
125318
125319
125320
125321
125322
125323
125325
125326
125327
125328
125329
125330
125331
125332
125333
125334
125335
125336
125340
125341
125342
125343
125344
125345
125346
125347
125348
125349
125350
125351
125352
125353
125354
125355
125356
125357
125358
125359
125360
125361
125362
125363
125364
125365
125366
125367
125368
125369
125371
125372
125374
125375
125376
125377
125378
125379
125380
125382
125383
125384
125385
125386
125387
125388
125389
125390
125391
125392
125393
125394
125395
125397
125398
125399
125400
125404
125405
125406
125407
125408
125409
125410
125411
125412
125413
125414
125417
125418
125420
125421
125422
125426
125427
125428
125429
125430
125431
125432
125433
125434
125435
125436
125437
125438
125439
125440
125441
125442
125443
125444
125445
125446
125447
125448
125449
125452
125453
125454
125455
125456
125457
125458
125459
125460
125461
125462
125463
125464
125465
125466
125467
125468
125469
125470
125471
125472
125473
125474
125475
125479
125480
125481
125482
125483
125484
125485
125486
125487
125488
125489
125490
125491
125492
125494
125495
125496
125497
125499
125500
125501
125502
125503
125504
125505
125506
125507
125508
125509
125510
125511
125513
125514
125515
125516
125517
125518
125523
125524
125525
125526
125527
125528
125529
125530
125531
125532
125533
125534
125535
125536
125537
125538
125539
125540
125541
125542
125543
125544
125545
125546
125547
125549
125550
125551
125552
125554
125555
125556
125557
125558
125559
125560
125561
125562
125563
125564
125565
125566
125567
125568
125569
125570
125571
125572
125573
125574
125575
125576
125578
125580
125581
125582
125583
125584
125585
125587
125590
125591
125592
125593
125594
125595
125596
125597
125598
125599
125600
125601
125602
125604
125605
125606
125607
125608
125609
125610
125611
125612
125614
125615
125619
125620
125621
125623
125624
125626
125627
125628
125629
125632
125633
125639
125640
125641
125642
125643
125644
125645
125646
125647
125648
125649
125650
125651
125652
125653
125654
125655
125656
125658
125659
125660
125661
125662
125663
125665
125666
125667
125668
125669
125670
125671
125672
125673
125674
125675
125677
125678
125679
125680
125681
125682
125683
125685
125686
125687
125688
125689
125690
125691
125692
125693
125694
125695
125696
125697
125698
125699
125700
125701
125702
125703
125704
125705
125706
125707
125708
125709
125710
125712
125713
125714
125715
125716
125717
125718
125719
125721
125722
125723
125724
125725
125726
125727
125728
125729
125730
125732
125733
125734
125735
125736
125737
125738
125742
125743
125744
125745
125746
125747
125748
125749
125750
125751
125752
125753
125754
125755
125756
125757
125758
125759
125760
125761
125762
125763
125764
125765
125766
125767
125768
125769
125770
125771
125772
125773
125774
125776
125777
125778
125779
125780
125781
125782
125786
125787
125788
125789
125790
125791
125792
125793
125794
125795
125796
125799
125801
125804
125805
125806
125807
125808
125809
125810
125811
125812
125813
125814
125815
125816
125817
125818
125819
125820
125821
125822
125823
125824
125826
125827
125828
125829
125830
125831
125832
125833
125834
125837
125838
125840
125841
125842
125843
125845
125846
125847
125848
125851
125852
125853
125854
125855
125856
125857
125858
125859
125860
125861
125862
125863
125864
125866
125868
125871
125872
125876
125877
125878
125879
125880
125882
125883
125884
125885
125886
125887
125888
125889
125891
125892
125893
125896
125898
125901
125902
125903
125909
125910
125911
125912
125913
125914
125915
125916
125917
125918
125919
125920
125921
125922
125923
125924
125925
125926
125927
125928
125929
125930
125931
125932
125934
125935
125938
125939
125940
125941
125942
125946
125947
125948
125949
125950
125951
125952
125953
125954
125955
125956
125957
125958
125959
125960
125961
125962
125963
125966
125967
125968
125969
125970
125971
125972
125973
125974
125975
125976
125977
125978
125979
125980
125981
125982
125984
125985
125986
125987
125988
125989
125990
125991
125992
125993
125997
125998
125999
126001
126003
126004
126005
126006
126007
126008
126009
126010
126011
126012
126013
126014
126015
126016
126017
126019
126020
126021
126022
126024
126025
126026
126027
126028
126029
126030
126031
126032
126033
126034
126035
126036
126039
126040
126041
126042
126043
126044
126045
126046
126048
126049
126052
126054
126055
126056
126057
126058
126059
126060
126061
126062
126063
126064
126068
126069
126070
126071
126072
126073
126074
126075
126076
126077
126078
126079
126080
126081
126082
126083
126084
126085
126086
126087
126088
126089
126090
126091
126093
126094
126095
126096
126097
126098
126099
126100
126101
126104
126105
126106
126107
126108
126109
126110
126111
126112
126115
126116
126117
126118
126119
126120
126121
126122
126123
126124
126125
126128
126132
126133
126134
126135
126137
126138
126140
126141
126142
126143
126152
126153
126154
126155
126156
126157
126158
126159
126160
126161
126162
126163
126164
126167
126168
126169
126170
126171
126172
126173
126174
126175
126176
126177
126178
126179
126180
126181
126182
126183
126184
126185
126186
126187
126188
126189
126194
126196
126201
126202
126203
126204
126205
126207
126208
126209
126210
126211
126212
126213
126214
126215
126216
126217
126218
126219
126220
126221
126222
126223
126224
126225
126226
126227
126228
126229
126230
126231
126232
126233
126234
126235
126237
126238
126239
126240
126241
126242
126243
126244
126245
126246
126247
126248
126249
126250
126251
126252
126253
126254
126255
126256
126257
126259
126260
126261
126262
126263
126264
126265
126267
126268
126269
126270
126274
126275
126276
126277
126278
126279
126280
126281
126282
126283
126284
126288
126289
126290
126292
126293
126296
126297
126298
126299
126300
126301
126302
126303
126304
126305
126306
126307
126308
126310
126311
126312
126313
126314
126315
126316
126317
126318
126319
126320
126321
126323
126324
126326
126327
126328
126329
126330
126331
126332
126333
126334
126335
126336
126337
126338
126339
126340
126341
126342
126343
126344
126345
126346
126348
126349
126350
126352
126353
126354
126355
126356
126357
126358
126359
126360
126361
126362
126363
126364
126365
126366
126367
126368
126369
126370
126371
126379
126380
126381
126382
126383
126384
126385
126386
126387
126388
126389
126390
126391
126393
126397
126398
126399
126400
126401
126402
126403
126404
126405
126407
126408
126409
126410
126411
126412
126413
126414
126415
126416
126417
126418
126419
126420
126421
126422
126423
126424
126425
126426
126427
126429
126430
126431
126432
126433
126434
126435
126436
126437
126438
126439
126440
126441
126443
126444
126445
126446
126447
126448
126449
126450
126451
126452
126453
126454
126455
126456
126457
126458
126459
126460
126461
126462
126463
126464
126465
126466
126467
126468
126469
126472
126473
126474
126475
126477
126478
126479
126480
126481
126482
126483
126484
126485
126486
126487
126488
126489
